547 282 388
217 -333 920
366 -252 860
622 -125 915
723 28 705
746 151 619
761 276 602
779 345 570
787 463 501
837 443 305
905 442 259
886 308 147
1037 174 230
1089 56 361
1055 -150 623
703 -291 643
649 -452 764
437 -548 724
262 -691 719
31 -719 619
-216 -797 649
-410 -790 588
-410 -790 588
-610 -667 444
-610 -667 444
-729 -485 329
-729 -485 329
-935 -355 79
-935 -355 79
-962 -174 180
-962 -174 180
-1059 108 105
-1059 108 105
-1013 301 -311
-1013 301 -311
-918 424 -299
-918 424 -299
-882 545 -20
-882 545 -20
-612 555 348
-612 555 348
-225 599 779
-225 599 779
51 538 771
51 538 771
329 525 925
329 525 925
583 321 723
583 321 723
744 153 689
744 153 689
885 8 476
885 8 476
906 -101 430
906 -101 430
1046 -252 414
1046 -252 414
868 -362 353
868 -362 353
709 -482 453
709 -482 453
687 -579 389
687 -579 389
657 -668 263
657 -668 263
609 -667 200
609 -667 200
919 -493 302
919 -493 302
1037 -119 223
1037 -119 223
903 25 429
903 25 429
762 158 309
762 158 309
564 347 510
564 347 510
205 478 805
205 478 805
-446 577 539
-446 577 539
-700 425 9
-700 425 9
-970 236 -159
-970 236 -159
-830 -145 -599
-830 -145 -599
-951 -294 -371
-951 -294 -371
-909 -461 -146
-909 -461 -146
-848 -688 86
-848 -688 86
-316 -695 303
-316 -695 303
7 -747 634
7 -747 634
528 -527 667
528 -527 667
860 -312 477
860 -312 477
1023 -98 355
1023 -98 355
960 106 52
960 106 52
914 289 -137
914 289 -137
929 487 215
929 487 215
795 631 645
795 631 645
298 710 900
298 710 900
-42 483 721
-42 483 721
-699 545 518
-699 545 518
-948 319 -246
-948 319 -246
-877 273 -621
-877 273 -621
-813 295 -603
-813 295 -603
-713 464 -151
-713 464 -151
-464 795 448
-464 795 448
-230 808 532
-230 808 532
227 882 662
227 882 662
663 655 275
663 655 275
839 564 48
839 564 48
748 387 -152
748 387 -152
1043 232 6
1043 232 6
892 -68 309
892 -68 309
754 -352 597
754 -352 597
435 -667 604
435 -667 604
368 -778 1146
368 -778 1146
-235 -486 1034
-235 -486 1034
-830 -297 369
-830 -297 369
-908 -408 46
-908 -408 46
-754 -506 -217
-754 -506 -217
-625 -738 -722
-625 -738 -722
-538 -571 -619
-538 -571 -619
-670 -807 -763
-670 -807 -763
-815 -492 -515
-815 -492 -515
-463 -652 -87
-463 -652 -87
29 -685 123
29 -685 123
387 -558 671
387 -558 671
334 -463 1274
334 -463 1274
116 -164 1077
116 -164 1077
-388 82 1072
-388 82 1072
-1010 171 371
-1010 171 371
-1054 -111 -7
-1054 -111 -7
-827 -250 -769
-827 -250 -769
-938 -244 -805
-938 -244 -805
-772 -51 -164
-772 -51 -164
-553 303 374
-553 303 374
-216 576 727
-216 576 727
149 672 981
149 672 981
187 600 1079
187 600 1079
347 339 1100
347 339 1100
361 -58 1022
361 -58 1022
26 -213 877
26 -213 877
25 -254 879
